117.7615
82.6972
77.0964
75.4177
69.9520
66.3901
63.9605
62.0182
58.0713
56.2145
54.0414
48.9494
50.9982
46.7417
45.6924
40.7534
40.8021
38.5707
34.7615
33.5241
31.6194
31.8986
28.5832
28.6176
26.0809
24.3995
22.5825
21.2570
21.7968
21.4874
18.3099
20.7747
17.0267
22.2551
17.4852
15.7131
12.8476
13.1753
12.9302
12.2113
11.8752
10.8045
10.2895
10.4030
11.0409
9.4204
9.7234
9.5530
8.2578
8.7840
7.7602
8.7733
8.4694
7.3294
7.6451
7.7787
7.4476
7.3838
6.6909
7.0921
6.1355
6.4560
7.0617
6.0181
6.6541
5.6247
5.5663
5.4800
5.4579
5.2995
5.5838
5.8861
5.4819
5.1106
5.1101
4.8762
4.7810
5.0770
4.7086
5.1444
5.1027
4.1091
4.8434
5.1095
5.2967
4.9384
4.5019
4.2197
4.2107
4.5465
4.9142
4.4996
3.8955
4.1266
4.3797
4.6714
4.1149
3.7513
3.7100
4.6117
3.7822
4.2092
4.2661
3.9055
4.1537
4.1422
3.8284
4.2840
3.3360
4.1381
3.7035
3.5416
4.0817
4.5652
3.9287
4.0910
4.3980
3.5116
3.6948
3.2878
4.9196
3.8700
3.7894
4.6117
3.6254
4.2906
3.4420
3.8974
4.3225
3.2525
3.5446
3.8104
3.1262
3.1925
3.2479
3.2258
3.1592
3.1555
3.0273
3.2859
3.5850
4.1167
3.9848
3.8218
3.4733
3.3026
2.7798
3.2922
4.3623
3.9338
3.3162
2.9126
3.1498
2.7037
2.8853
3.0006
2.5734
2.6601
2.5573
3.8422
3.1891
2.8358
2.5439
2.6322
2.5484
3.6247
2.5937
2.4376
2.7229
2.2847
2.3332
2.5459
2.4670
3.7852
2.5220
2.4255
2.7446
3.3967
2.3512
2.3015
2.2335
4.4468
2.6293
2.4735
2.6826
2.2949
2.2612
2.2157
2.8977
2.3852
3.5263
2.1859
2.8267
2.7064
2.4360
2.6869
2.0993
2.5792
2.3600
2.6820
2.5170
3.1866
2.5590
3.0115
2.2153
2.3429
2.3414
2.1205
2.0914
2.2188
2.8550
2.6392
2.3954
2.4059
2.6734
2.0862
2.4111
2.4161
1.9952
1.9925
2.6872
2.5369
1.9997
3.2401
2.3895
2.0458
1.8982
2.0004
1.9737
2.2925
2.1239
2.2548
2.1075
1.9187
3.3777
2.0323
2.1665
1.8750
1.9862
1.8269
2.6768
2.0164
1.9569
2.0833
1.9686
2.9449
2.0672
3.1191
2.8531
2.2099
2.0600
2.0031
2.3116
2.2196
2.0261
2.3686
2.0338
2.3241
1.9629
1.8231
1.9265
2.0413
2.3201
2.2158
2.0789
1.7595
1.8869
1.9353
1.8215
1.7400
1.7949
2.3999
1.8877
2.0629
1.9736
1.8282
1.8081
2.3035
1.6799
1.9276
2.5335
1.8562
2.4202
1.7583
1.7584
1.7477
1.9261
1.8055
2.2340
1.7939
2.2661
2.4361
1.7591
2.1391
1.9162
1.8458
1.7698
1.8259
1.8749
2.2315
1.8093
1.7594
2.0804
2.0707
1.9794
2.3652
2.0034
1.8160
1.7394
2.0184
1.7747
1.7699
1.6749
1.8606
2.1850
1.6477
1.8731
1.7063
2.1078
1.7803
2.1140
1.7317
2.1720
1.8426
1.6410
1.6860
2.4419
1.9321
1.6526
2.1638
1.7292
1.6151
2.5868
1.8861
1.8219
1.6086
1.8404
2.5069
1.8693
1.6675
1.7056
1.7621
1.6077
2.4268
1.6976
1.7332
1.6284
2.1988
2.5853
1.7930
1.7325
1.5433
1.9994
1.6286
1.5617
1.8480
1.9726
1.7815
1.7702
1.6337
1.9381
1.7710
1.5968
1.8831
1.6112
1.7367
1.4913
1.7624
1.9224
1.7036
1.8386
2.1899
1.7422
1.5665
1.8686
1.7975
1.5548
1.6282
2.0409
1.6162
1.6334
1.8607
1.6283
1.7597
1.5755
1.5875
1.8011
1.7168
1.6318
1.4874
1.5646
1.9686
1.5525
1.5511
1.6578
1.6325
1.4511
1.4782
1.5034
1.5888
1.6835
1.6298
1.5084
1.5703
1.6158
1.5596
1.7146
2.2308
1.8296
1.4702
1.5469
1.7697
1.4752
1.6516
1.8418
1.5481
1.5546
1.4831
1.5345
1.7275
1.5991
1.7357
1.6726
1.5020
1.5057
1.5265
1.8204
1.6136
1.6691
1.9356
1.6903
1.8422
1.6088
1.7762
1.4295
1.4511
1.5190
1.6494
2.1436
1.7190
1.6142
1.6983
1.6606
1.7968
1.5368
1.5402
2.2628
1.5515
1.6179
1.7385
1.6825
1.5059
1.6788
1.5367
2.0406
1.5942
2.2127
1.5231
1.4857
1.6025
1.5716
1.5254
2.2630
1.9050
1.6918
1.5664
1.6387
3.2308
1.9353
1.4779
1.5392
1.4867
1.5742
1.6822
1.4226
1.2943
2.2224
1.7054
2.2419
1.6546
1.9445
1.7266
1.5485
1.3818
1.3728
2.7918
1.9306
1.5884
1.5017
1.4425
1.4928
1.4389
1.9081
1.7633
2.4850
1.7268
1.9669
2.3399
1.7562
1.6016
1.6201
1.5499
1.6709
1.4792
1.7135
1.6520
1.8567
1.5705
1.5192
1.6792
1.4247
1.3870
1.6560
1.8003
1.2564
1.5479
1.7710
1.4448
1.6630
3.5075
1.9451
1.4705
1.5244
1.5882
2.0255
1.7195
1.4834
1.5656
1.3712
2.7325
1.5285
1.4806
2.0713
1.6439
1.8918
1.4903
1.4760
1.3809
1.5064
1.7702
1.4593
1.6804
1.4400
1.4004
1.6438
1.5879
1.5071
1.3375
1.4329
1.5654
1.6376
1.5420
1.6878
1.4809
1.4391
1.4884
1.4019
1.4150
1.4707
1.9986
2.1366
2.1740
2.0928
1.7598
1.9401
2.2444
1.6387
2.1335
2.0640
1.3269
2.5851
1.8033
1.8962
1.5587
2.8063
1.5240
1.4291
1.4539
2.7685
2.0469
2.0662
1.6050
1.6135
1.6117
1.4999
1.5581
1.5368
1.6716
1.4911
1.3925
1.4931
1.5911
1.5365
1.3473
1.4864
2.5241
1.3285
1.4513
1.4788
1.8129
1.3923
1.5620
1.6276
1.7026
1.5697
1.4468
1.4985
1.6687
1.5331
1.5784
1.3308
1.3938
1.3301
1.2720
1.4260
1.4070
1.5530
1.3435
1.2513
1.4229
1.2935
1.3456
1.8308
1.8271
1.4218
2.0182
1.4082
1.9477
1.4555
1.4715
1.5289
1.5732
1.6090
1.4529
1.3469
2.4095
1.4084
1.7520
1.3883
1.3452
1.3016
1.3544
1.3639
1.3832
1.3315
1.3114
1.3954
1.7482
1.2498
1.3452
1.5328
1.6519
1.5320
1.2815
1.8432
1.4721
1.6518
2.2279
1.5749
1.5080
1.3442
1.4945
1.4133
1.1262
1.6228
1.3873
1.6006
1.5275
1.4595
1.4791
1.4165
1.3588
1.5425
1.7367
1.4025
2.1405
1.5246
1.5500
1.5868
1.5218
1.6313
1.4545
3.0589
1.6285
1.5528
1.4493
1.4464
1.3763
1.3183
1.3425
1.4194
1.3874
1.4922
1.6152
1.3407
2.3092
1.3330
1.5295
1.3908
2.1210
1.3782
1.6573
1.3462
1.8022
1.3547
2.0448
1.5002
1.4746
1.7412
1.6454
1.3228
2.0334
1.3938
1.2834
1.5213
1.3466
1.4194
1.2702
1.2286
1.3851
1.4117
1.6548
1.4233
1.2683
1.3529
1.4039
1.4415
1.6268
1.5098
1.3626
1.4809
1.5548
1.5343
1.3704
1.2866
1.2292
1.3499
1.5428
1.4961
1.3382
1.2397
1.2943
1.4743
1.4831
1.2697
1.2154
1.3433
1.5262
1.2966
1.4231
1.4825
1.9257
1.8019
1.5449
1.3504
1.4203
3.0250
1.5795
1.6684
1.5067
1.9258
1.4527
1.4285
1.6527
1.3920
1.7373
1.7068
1.3596
2.0746
1.2837
1.3864
1.3417
1.3962
1.2128
1.2320
1.2492
1.5948
1.3686
1.2489
1.5692
1.4558
1.4776
1.4176
1.3173
1.3647
1.2230
1.2381
1.4250
1.8104
1.2159
1.3662
1.3768
1.5734
1.2882
1.5563
1.2409
1.2496
1.2497
1.3235
1.3141
1.5567
1.3766
1.2902
1.5954
1.9446
1.3894
1.4715
1.2337
1.5187
1.4206
1.7737
1.4322
1.2512
1.4309
1.4335
1.3403
1.5117
1.8217
2.1325
1.5072
1.2242
1.3559
2.2187
1.7062
1.3048
1.5689
1.2701
1.4216
1.8946
1.2179
1.3127
1.2859
1.5370
1.6477
1.3629
1.2700
1.3657
1.3508
1.4230
1.6087
1.2102
1.6389
1.9762
1.5321
1.9898
1.5025
1.3007
1.3608
1.3310
1.4353
1.4112
1.3643
1.3857
1.3971
1.2838
1.3269
1.4790
1.3573
1.5186
1.3291
1.3249
1.2626
1.2380
1.2569
1.8421
1.2415
1.3254
1.1678
1.8334
1.3928
1.4091
1.4134
1.5392
2.0799
1.4155
1.3385
2.2683
2.1781
1.4161
1.3058
2.0233
1.5715
1.4383
1.7479
2.3328
1.3899
1.6085
2.0134
1.2425
1.4548
1.4637
2.1100
1.3106
1.4826
1.2314
1.2382
1.5055
1.4061
1.2473
1.4182
1.2364
1.3018
1.5658
1.3680
1.3873
1.4489
1.7110
2.3425
1.6122
1.3601
1.3381
1.9061
1.3663
1.3249
1.4280
1.4569
1.3765
1.4522
1.2865
1.3078
1.2741
1.3097
1.3405
1.3228
1.4028
1.6749
1.6111
1.2388
1.2934
1.2873
1.2838
1.2373
1.2556
1.2573
1.2722
1.3577
1.2582
1.3884
1.1830
1.2957
1.5682
1.3680
2.1112
1.1738
2.0334
1.6222
1.3378
1.5228
1.6867
1.5382
1.3978
1.3992
1.3398
1.2773
1.5647
1.2865
1.4118
1.2883
1.3828
1.1642
1.2652
1.2266
1.2300
2.4853
1.1784
1.7655
1.3646
1.3951
1.3324
1.1910
1.3209
1.4242
1.2084
1.7382
1.2841
1.6596
1.3155
1.7806
1.2334
1.3660
1.2519
1.3500
1.4135
1.3091
1.1696
1.2837
1.2683
1.3113
1.2025
1.4269
1.5207
1.0986
1.2963
1.4106
1.1315
1.1642
1.4357
1.2159
1.3645
1.6825
1.4006
1.3200
1.2122
1.1839
1.7273
1.3857
2.2124
1.3922
1.4461
1.3476
1.4524
1.2214
1.1850
1.1825
1.2440
2.0474
1.3130
1.4790
1.2505
1.3863
1.2437
1.3030
1.5906
1.4469
1.1931
1.2928
1.3637
1.7133
1.3229
1.3303
1.5509
1.3823
2.5964
1.4651
1.4273
1.3432
1.3123
1.4276
1.3403
1.5870
1.3911
1.4119
1.3590
1.2500
1.2568
1.2885
1.4418
1.4688
1.3645
1.3148
1.2562
1.2972
1.2530
1.8205
1.2766
1.2982
1.2018
1.3623
1.2741
1.0879
1.0841
1.1508
1.1032
1.8314
1.2976
1.3508
1.1758
1.2443
1.5602
1.2826
1.1835
1.4494
1.2193
1.8329
1.2736
1.3216
1.1672
1.4490
1.1646
1.4952
1.7255
1.3956
1.1141
1.1830
1.2571
1.4195
1.3518
1.2780
1.1666
1.3255
1.5867
1.3030
1.2478
1.1700
1.1828
1.2559
1.3096
1.2459
1.1623
1.1943
1.2142
1.3403
1.0893
1.1029
1.2221
1.2438
1.2553
1.4918
1.4174
1.2316
1.1820
1.7511
1.5266
1.2761
1.4064
1.2766
1.3494
1.5604
1.3836
1.2725
1.3786
2.6872
1.7175
1.1614
1.1590
1.3107
1.1977
1.2753
1.8370
1.3731
1.3733
1.2351
1.4354
1.2491
1.1974
2.5666
1.4925
1.1372
1.6921
1.3179
1.4181
1.2073
1.1631
1.4674
1.3743
1.2606
1.2989
1.2687
1.2070
1.1120
1.2779
1.2585
1.3514
1.2095
1.6807
1.1423
1.6703
1.1570
1.3097
1.8840
1.2399
1.1710
1.9880
1.4647
1.2494
1.4412
2.0577
1.9178
1.3074
1.3274
1.3619
1.3916
1.3667
1.2574
1.2867
1.1514
1.0335
1.4486
1.3711
1.1456
1.0868
1.3848
1.2260
1.5883
1.2611
1.3050
1.1366
1.2198
1.1651
1.0882
1.4797
1.2308
1.1425
2.2153
1.2006
1.3596
1.2209
1.3327
1.1764
1.1884
1.0717
1.0977
1.5451
1.2273
1.1958
1.2932
1.4622
1.0514
1.3044
1.3455
1.2353
1.1782
1.0618
1.0385
1.2180
1.2481
1.4577
1.3370
1.2231
1.2753
1.2069
1.0468
1.1496
1.3864
1.2766
1.1893
1.4633
1.2185
1.1795
1.1777
1.4103
1.1952
1.1384
1.2239
1.2278
1.1417
1.9087
1.1437
1.6880
1.2871
1.7968
1.4662
1.2008
1.6540
1.0873
1.3471
1.4630
1.2291
1.1206
1.1613
1.2259
1.1027
0.9316
1.9135
1.1744
1.1575
1.0217
1.0498
1.2426
1.0776
1.0714
1.4599
1.3759
1.1430
1.6284
1.1081
1.1454
1.2021
1.1280
1.3660
1.4102
1.2374
1.2657
1.2514
1.0940
1.1283
1.0219
1.1462
1.3117
1.0828
1.2820
1.3331
1.1144
1.2801
1.1472
1.1349
1.1615
1.1776
1.1565
1.1698
1.2296
1.2007
1.0680
1.1323
1.1208
1.2428
1.2334
1.1244
1.1992
1.0768
1.4679
1.0331
2.5757
1.1735
1.8324
1.0975
1.0707
1.3906
1.1386
1.2733
1.1737
1.4710
1.8400
2.1505
1.5649
1.4424
1.7440
1.1470
1.2320
1.3876
1.1638
1.2021
2.5603
1.4765
1.2304
1.7721
1.2349
1.1680
1.3191
1.1652
1.3925
1.3572
1.3001
1.1396
1.3071
1.1266
1.2573
1.3897
1.1273
1.1256
1.3250
1.1632
1.1638
1.1279
1.0134
1.3850
1.1137
0.9984
1.1226
1.8701
1.5108
1.4137
1.3100
1.3999
1.1348
1.3060
1.1062
1.2237
1.2254
1.5400
1.1135
1.2959
1.3936
1.1669
1.1456
1.1100
1.0008
1.4620
1.8289
1.1741
1.8189
1.1151
1.1774
1.1178
1.2359
1.1720
1.1515
1.1130
3.1344
1.5377
1.3668
1.2578
1.1707
1.1794
1.9927
1.1378
1.2509
1.1602
1.2669
1.1682
1.0591
1.0341
1.3103
0.9866
1.0530
1.0256
1.0973
1.0194
1.2700
1.4288
1.2264
1.2165
1.1650
1.1268
1.7763
1.2769
1.1841
1.0633
1.0669
1.3262
1.0626
1.1492
1.2311
1.9401
1.6285
1.2752
2.5110
1.2823
2.4910
1.4467
1.2182
1.3173
1.2694
1.6678
1.2517
1.7643
1.2890
1.2716
1.2621
1.2398
1.1734
1.0449
1.2139
0.9955
1.0754
1.5357
1.3629
1.1502
1.2959
1.2613
1.0670
1.1518
1.1554
1.2987
1.3168
1.2294
1.0427
1.5146
1.1685
1.2419
0.9733
1.2003
1.1457
1.1867
1.1046
0.9844
1.1592
1.2255
1.1145
1.1646
1.1217
1.2819
1.1150
1.0866
1.1541
1.0540
1.3206
1.2567
1.2625
1.3720
1.0677
1.0900
1.1456
1.7045
1.2889
1.2766
1.0911
1.1912
1.1935
1.0849
1.9350
1.5610
1.2934
1.4077
1.6208
1.0828
1.1883
1.0767
1.0961
1.3947
1.0008
1.1650
1.1383
1.7086
1.2315
1.3293
1.2092
1.0429
1.1284
1.0518
1.0802
1.1273
1.0834
1.0581
1.2153
1.0041
1.1215
1.9337
1.1670
1.2777
1.5190
1.0520
1.0605
1.0359
1.3838
1.1622
1.5188
1.0657
1.0896
1.1610
1.1900
1.1518
1.1253
1.0656
1.1029
1.3705
1.0458
1.0741
1.0274
1.0640
1.0585
1.2952
1.2228
1.2386
1.1079
1.1991
1.2225
1.1491
1.1396
1.2352
1.0911
1.2743
1.1333
1.2693
1.1794
1.0583
1.0866
1.3238
1.5882
1.2402
1.1481
1.1663
1.1157
1.1071
1.6569
1.2579
1.1510
1.0651
1.1766
1.1378
1.0890
1.2271
1.1551
1.0776
1.4894
1.2661
1.3561
1.2507
1.2383
1.2232
1.1020
1.0502
1.2254
1.0628
1.3123
1.1837
1.3154
1.0515
1.2553
1.2628
1.1518
1.2187
1.1117
1.1485
1.4098
1.4629
1.2187
1.1162
1.2055
1.2939
1.4027
1.2899
1.0425
1.2013
2.2006
1.4364
1.4139
1.3222
1.1889
1.2724
1.2844
1.1220
1.1973
1.1052
1.1024
1.4301
1.2565
1.1274
1.2094
1.1722
1.0438
1.1487
1.0724
1.2937
1.8307
1.3751
1.3957
1.2898
1.0111
1.0574
1.2283
1.3783
1.1975
1.1834
1.1691
1.2191
1.0725
1.0531
1.6142
1.3066
1.0828
1.2647
1.2223
1.1018
1.1257
1.0376
1.1511
1.0126
1.2049
1.1111
1.2483
1.0296
1.0582
1.1865
1.1136
2.8729
1.1545
2.3888
1.6068
1.8899
1.5119
1.5285
1.4619
1.4881
1.1695
1.1309
1.1651
1.1496
1.1464
1.1076
1.2410
1.2564
1.1799
0.9999
1.5034
1.2935
1.1560
1.1617
1.6752
1.0590
1.5998
1.1486
1.1189
1.1642
1.0068
1.1628
1.1790
1.1322
1.1708
1.5523
1.1540
1.2332
1.0694
1.0008
1.1538
1.1947
1.5312
1.2276
1.0926
1.0426
1.4509
1.1702
1.1821
1.1103
1.1869
1.0591
1.1621
1.1397
1.2606
1.1256
1.2921
1.1529
1.2583
1.2125
1.1718
1.1983
1.0437
1.2500
1.7138
1.0517
1.1307
1.2086
0.9504
1.3398
1.5687
1.5514
1.2394
1.3266
1.0856
1.2244
1.3620
1.3431
1.4145
1.1282
1.1558
1.2039
1.2182
1.4778
1.0556
1.0053
1.1951
1.2691
1.1231
1.1478
0.9342
1.2646
1.0596
1.1033
1.1416
1.1983
1.2485
1.1617
1.0339
1.1469
1.1175
0.9836
1.1211
1.1443
1.1748
2.0372
1.1306
1.2585
1.0172
1.2386
1.2118
1.9982
1.2158
1.0740
1.3481
1.2125
1.2463
2.6774
1.1460
1.1910
1.0361
0.9171
1.1175
1.4629
1.0996
1.1961
1.0528
0.9631
1.0693
1.0179
1.0764
1.1843
1.2438
1.2367
1.1956
1.2178
1.0504
1.0764
1.5613
1.0632
1.7239
1.3246
1.1243
1.1889
1.0978
1.3057
1.1625
1.3660
1.2886
1.2154
1.2669
1.1056
1.3756
1.1907
1.8173
2.4250
1.4466
1.1566
1.2450
1.7335
1.1654
1.6541
1.0393
1.0559
0.9979
2.0032
2.5855
1.1267
1.1848
1.3833
1.2199
1.3299
1.0200
0.9412
1.4614
1.2395
0.9769
1.1305
1.0781
1.1712
1.0674
2.0872
1.1158
1.4959
1.1452
1.0080
1.0972
1.1248
1.2407
1.1921
1.2415
1.2107
1.2878
1.3375
1.1705
1.1404
1.2098
1.0659
1.2948
1.1880
1.6210
1.0890
1.0103
1.0930
1.1268
1.2278
1.1445
1.7981
1.1759
1.3978
1.0988
1.0334
0.9633
1.0019
1.0203
1.0242
1.0776
1.3033
1.0614
1.1793
1.0874
0.9840
1.2689
1.1317
1.0471
0.9604
1.0107
1.0482
0.9636
0.9582
0.9922
0.9775
1.3025
1.1324
1.5351
1.3613
1.2941
1.3631
1.2165
1.2075
1.1823
1.0639
1.6813
1.1992
1.9824
1.1205
1.0475
1.2004
1.1014
1.8061
1.3293
1.0355
1.3561
1.0055
1.2623
1.8527
1.1572
0.9716
1.4327
1.0727
1.0769
1.6095
1.2175
1.0823
1.0381
1.3704
1.0924
1.0599
1.1295
1.0442
0.9422
1.4948
1.3745
1.1894
1.2159
1.0767
1.0142
1.1835
1.6244
1.1015
0.9419
1.2921
1.0324
1.0332
1.1879
0.9696
1.2362
1.4532
1.0396
1.1198
1.2284
1.8447
1.3183
1.6253
1.7390
1.4874
1.3226
1.2820
1.0172
1.0635
1.3138
1.2642
1.3016
1.0254
1.2037
1.0293
1.1278
1.0706
1.0874
1.1265
0.9067
0.9646
1.0101
1.1481
1.2942
1.0235
1.1532
1.2057
1.0068
1.0612
1.0641
1.3034
1.0247
1.1036
1.1155
1.1206
1.0953
1.1328
1.0199
1.0783
1.1548
1.0684
1.1684
1.0358
1.4418
1.0378
1.0918
1.2408
1.0690
1.0829
1.1118
1.0262
1.0850
1.0394
1.5157
1.0876
2.3877
1.1429
1.0742
0.9134
1.0322
1.2066
1.0661
1.0603
1.0647
1.1199
1.1225
1.1738
1.0605
1.0829
1.3317
1.2907
1.0733
1.0589
1.5922
1.0271
1.0247
1.0222
1.1143
1.0002
1.0718
1.0965
1.0232
1.0457
0.9243
1.2248
1.1296
1.0083
0.9516
1.0649
1.7320
1.2373
1.1517
1.6800
1.0791
1.2245
0.9984
1.2562
1.1135
1.2176
0.9889
1.1927
1.6675
1.2021
1.0827
1.2065
1.1126
1.2691
1.0820
1.1185
1.5993
1.2651
1.1572
1.0141
2.3187
1.5536
1.1531
1.3313
1.1978
1.0416
1.0187
1.3698
1.1055
1.3725
1.1124
1.0755
1.0073
0.9561
1.1080
1.1215
1.2851
1.0731
1.1007
1.0856
1.0749
1.3443
1.2319
1.0514
1.9050
0.9912
1.2137
1.0732
1.1029
1.1967
0.9964
0.9324
1.1631
1.2076
1.4737
0.9147
1.1007
1.0420
0.9401
1.2207
1.1236
1.0914
0.9952
1.1190
1.0612
1.0999
0.9776
1.1117
1.4155
1.1029
1.0806
1.0895
1.1164
1.1954
1.1758
1.1088
1.2881
1.0979
1.4302
1.0653
1.0237
0.9751
2.1347
1.4410
1.4027
1.0043
1.1696
1.0848
1.0438
1.0192
1.7717
1.2838
1.0195
1.0834
1.1300
1.0830
1.3736
1.1729
1.0584
1.0254
0.9968
1.1175
1.1258
0.9641
1.4259
1.2696
1.0155
0.9803
0.9094
0.9956
1.0239
1.8227
1.0393
1.0731
1.0850
1.0975
0.9896
1.0792
1.0225
1.0539
1.2781
1.2433
1.1154
2.5456
1.1605
1.3253
1.2413
1.2616
1.1226
1.2271
1.1439
1.1468
1.1389
1.5052
1.0280
0.9660
1.1737
1.6991
1.1997
1.0722
1.2445
1.2983
2.1691
1.2016
0.9413
1.0006
1.0329
1.2233
0.9988
1.0892
1.0951
0.9482
1.2829
1.1672
1.0495
1.1920
1.0392
1.0233
0.9807
1.1406
1.0649
0.9221
1.6765
1.3269
1.0261
1.3975
1.4555
0.9952
1.1505
2.7120
1.0605
2.1738
1.1938
1.4465
1.1416
0.9968
0.9251
0.9717
1.1562
1.0320
1.0384
1.0406
1.3726
1.2293
1.1438
1.0628
0.9869
1.5013
1.2927
1.0873
0.9890
1.0202
0.9456
1.7952
1.1855
1.2004
0.9270
0.9343
2.1537
1.1789
2.2427
1.0143
1.6649
1.0945
1.1520
1.1521
1.2058
1.1924
1.2431
1.0521
1.7594
0.9821
1.0519
0.9481
1.0066
1.2410
1.1335
1.0763
1.1707
1.2540
0.9889
1.0562
0.9735
1.1269
1.0907
1.1105
1.1555
1.1435
1.0465
1.1061
1.0119
1.0326
1.0022
1.1678
1.2811
1.0832
1.1489
1.0881
2.2431
1.1749
1.0194
1.0295
1.0315
1.0345
1.2642
1.1649
1.0489
1.0143
1.1041
1.1787
1.1076
1.4368
1.1780
1.0661
1.0811
1.2201
1.0308
1.7109
1.1011
1.0664
1.1015
1.0110
0.9932
1.1794
1.2738
1.0252
2.5642
1.5866
1.7659
1.2064
2.3620
1.3369
1.1411
2.2580
1.1104
0.9377
1.2659
1.4027
1.0737
1.3319
1.0053
1.8980
1.2519
1.1149
1.0917
1.1484
1.7504
1.1762
1.0863
1.0365
1.7819
1.6989
1.0880
1.1493
1.0863
1.0421
1.1781
1.1086
1.1304
1.0348
1.2703
1.7142
1.1242
1.1336
0.9507
1.3235
1.0366
1.0788
1.1054
1.2358
0.9967
1.3102
1.0195
1.2190
1.4504
1.0916
1.1481
1.1626
1.0936
1.0164
1.8354
1.0733
1.2063
1.1076
1.3403
2.5839
1.4081
1.0997
1.1294
1.1593
0.9775
1.3713
1.1018
1.0868
0.9753
1.1908
1.7176
1.1638
0.9976
2.3185
1.0927
1.0192
1.6641
1.4395
0.9984
1.1162
1.4621
1.4769
1.4262
1.1743
1.0101
1.1767
1.0865
1.0064
1.0760
1.0724
1.4284
1.0136
1.8512
1.0426
0.9668
1.9114
1.1548
1.2559
1.0485
2.3881
1.8080
0.9977
1.0871
1.1893
1.2247
1.0024
1.2765
1.0945
1.2934
1.2038
1.5701
0.9672
1.8816
1.2816
1.2369
2.1931
1.4836
1.0200
1.8581
1.4404
1.0582
1.1037
1.1666
1.0887
1.1618
1.0156
1.1398
1.0843
0.9728
1.1745
1.4855
1.5861
1.1409
1.0603
0.9594
2.0666
1.1140
1.0832
2.1379
1.0637
1.0745
1.8413
1.7925
1.6303
1.3513
1.3223
2.0349
0.9855
1.2251
2.3343
1.0676
0.9750
1.0129
1.0348
1.1695
1.6146
1.2721
3.7676
1.4542
1.1007
1.6615
1.1705
0.9613
1.7029
1.1040
1.0897
0.9793
1.0695
1.1118
1.0642
1.1353
1.3409
0.9967
1.1556
1.1299
1.0108
1.2516
1.3948
1.0236
0.9017
0.9575
1.0420
1.2363
3.0018
1.5725
1.1843
1.0986
1.6779
1.3060
1.3128
1.2503
1.3342
1.1378
1.2365
1.1966
1.1131
0.9906
2.2430
1.1998
0.9835
1.1739
2.1831
1.1369
2.9246
1.3815
2.0681
1.2035
1.3569
1.1912
1.0980
1.2680
1.0008
1.1072
1.0162
1.2367
0.9302
1.0157
1.1505
1.0829
1.0913
0.9609
1.2377
0.9970
1.5692
1.1080
1.0246
0.9605
0.9950
1.0823
1.0714
1.1330
0.9929
1.0706
0.9293
1.0457
1.1175
1.2871
1.2180
1.5008
0.9696
1.0386
1.3066
0.9784
0.8741
1.0612
0.9161
1.1019
1.0868
0.9729
1.0573
1.0452
1.2164
1.2068
1.1263
1.1390
1.0604
0.9160
1.4248
1.0253
1.0470
1.0601
1.0086
1.1400
1.0034
1.1335
1.0513
0.9317
0.9827
0.9967
0.9306
1.1870
1.0937
1.8545
0.9927
1.0805
1.5667
1.1270
1.1327
0.8786
1.0191
1.0830
0.9450
1.1103
1.0327
1.0137
0.9510
1.1384
1.0579
1.0049
1.0142
1.1172
1.4865
1.0816
1.0202
1.0879
1.1626
1.0260
1.4519
0.9998
0.9847
1.1007
1.0327
1.0666
0.9475
0.9063
1.1483
0.9315
1.2862
1.2002
1.0944
0.9529
1.1183
1.9956
1.1919
1.0953
1.1971
1.0466
1.2085
1.0991
0.8728
1.0390
1.2236
1.0569
1.1849
0.9062
1.0125
1.1189
1.0604
1.2780
1.0234
1.0286
0.9640
1.5783
1.1119
0.9157
1.0918
0.9541
0.9593
0.9765
1.0077
1.1254
0.9943
1.0999
1.0892
1.0057
0.9177
1.8936
1.1792
0.9679
1.0856
1.0730
0.8645
0.9684
1.8924
0.8208
0.9608
1.1228
1.3207
1.1300
0.8847
1.2026
1.1103
0.8994
1.0809
1.2830
1.0982
1.1806
1.0836
1.0281
1.0963
1.8419
1.1408
1.3270
1.0633
0.9137
1.1771
1.0666
1.2010
1.3157
2.0682
0.9916
1.1962
1.0520
1.1649
1.2535
1.0491
1.2303
1.3687
1.1492
1.3637
1.3395
1.1794
1.3558
1.1264
1.1731
1.3961
1.4924
1.6665
1.1388
1.9654
1.0403
1.2311
1.8696
2.1128
1.5878
1.2171
1.1721
1.0934
0.9753
1.0343
1.0903
1.1588
0.8323
1.2930
1.4224
2.2435
1.1252
0.9563
1.1264
1.0260
0.8704
0.9159
1.0850
1.0006
1.0022
1.0701
1.2893
0.9724
1.1658
0.9224
1.7867
1.5340
1.8350
1.1546
1.0769
0.9429
1.0754
1.3190
1.2831
0.9773
1.1689
1.1252
0.9678
0.9762
1.0790
0.9853
0.9680
1.0896
1.5854
1.0800
1.2919
0.9285
1.2170
1.1142
1.4148
1.9559
1.0128
1.0890
0.9036
1.2287
1.1090
1.0939
0.9096
1.0811
0.8879
0.8866
0.9573
1.5555
1.0271
0.8606
1.0982
1.0261
1.1395
1.0113
1.9236
0.9848
1.1459
1.0155
1.8210
1.1238
0.9150
1.4646
0.9523
1.0292
2.4810
1.1186
0.9852
1.0618
1.0540
1.1051
1.0899
1.1581
1.4539
1.0888
1.0865
1.1161
0.9343
0.9942
1.9925
1.1589
1.1278
0.7751
2.2887
1.3733
1.3893
1.4582
1.3037
1.2394
1.2260
1.1574
1.0455
1.1861
1.1644
0.9219
1.3393
2.2439
1.3692
1.7285
1.0622
1.2045
1.0399
1.3101
1.1582
1.1642
1.1390
1.0339
0.9861
1.3552
1.0746
0.9796
0.9894
0.9534
0.9338
1.6261
0.9878
1.0497
0.9811
1.4763
1.0955
1.0504
2.0630
1.0340
1.0932
1.0637
1.0057
0.9802
1.4614
2.3430
0.9289
0.9210
1.1523
1.1387
1.0895
1.1167
0.9646
1.2140
1.0191
0.9462
1.0274
1.0330
1.2284
0.9355
0.9781
1.0026
0.9643
0.9523
1.1370
1.1435
1.0693
1.1438
1.1768
1.0977
0.8567
0.9532
1.0041
0.9439
1.4214
1.0865
1.0046
1.0304
0.8873
1.0577
1.0861
1.5372
1.0009
0.9818
1.1261
1.2243
1.1030
0.9901
1.1070
0.9986
1.0008
1.0887
0.9943
1.0531
1.2174
1.1090
1.0582
0.8865
0.8791
1.1149
1.0827
1.2950
1.0933
1.0761
1.0256
1.1536
0.9461
1.1215
0.9717
1.2754
0.9852
0.9293
1.0538
1.0712
1.2827
1.0164
1.0058
1.0160
1.0645
1.2602
1.1163
1.0003
1.1562
0.9878
0.9325
1.0618
0.9758
1.0586
0.9516
3.1717
1.1236
1.3525
1.2456
1.1883
1.8260
1.1000
0.8473
1.4881
1.2646
1.1201
0.8927
0.9662
1.2118
0.9441
0.9501
1.1935
1.1332
0.9547
2.1356
1.4092
1.0769
0.8473
1.2949
1.2402
1.9958
1.1151
0.9847
1.2265
1.1412
1.0552
0.9831
0.9382
1.0151
2.2104
0.9370
0.8724
0.9835
0.9585
0.9429
1.1336
1.1727
0.9617
1.1391
1.0179
0.9963
1.1156
1.6362
1.0258
0.8452
1.0363
1.0178
0.9541
1.2910
1.1839
0.9246
1.1615
1.0589
0.9406
1.3552
1.1192
0.9517
0.9093
1.0385
1.1658
1.0494
1.2672
0.8188
1.7911
1.0140
1.1311
1.0383
1.1041
1.0606
0.9959
1.0022
1.0214
1.0828
1.1690
1.0570
1.0553
0.9447
0.8810
1.0115
0.9639
1.0905
1.9611
1.1150
1.2677
1.2280
1.4138
1.0436
1.1884
1.1585
0.9437
1.0417
1.0002
1.3426
1.1015
0.9310
1.0252
1.5562
1.3222
1.1045
0.9637
1.1970
1.1477
1.2127
1.0591
1.3971
1.5023
0.8899
1.1298
0.9902
1.0093
1.0041
0.9907
1.0839
1.0151
1.0679
1.1517
1.2686
1.0837
1.6300
1.1615
1.1630
1.0595
1.0307
0.9638
1.0796
1.1131
1.9180
1.9309
0.9436
0.9295
1.0026
1.1569
1.1038
1.4890
1.4215
1.0705
1.4460
1.0693
0.9623
1.1315
0.9555
2.0460
0.9975
1.1927
1.0978
1.4866
1.0880
1.0293
1.9285
0.9718
0.8669
1.0348
1.0631
1.1044
0.9226
0.9325
0.9987
1.2189
1.1604
1.0350
0.9909
1.0255
1.0297
1.3413
1.2582
2.2357
0.9938
1.0443
0.9829
1.3393
1.5172
1.2800
2.2198
1.2515
0.9351
1.1031
0.9905
0.9571
0.9348
1.1149
0.9886
2.0578
1.3147
0.9939
1.0999
0.8861
1.1002
1.1655
0.9688
1.0927
1.1252
1.5400
0.9125
1.1113
1.2095
0.9658
0.9084
1.6879
1.3352
0.9203
1.3088
1.0098
1.2433
1.0781
1.7142
1.1933
0.9718
1.0670
1.0534
0.9743
1.0739
1.2763
1.0564
0.9084
0.9691
2.6441
1.1297
0.7936
0.8874
1.0922
1.0362
1.8270
1.1256
1.6122
1.5724
1.0770
0.9726
0.9634
1.0880
1.6730
1.6365
2.6261
1.1957
1.0465
1.1174
1.3256
1.0790
0.8771
1.1163
1.3931
1.1227
2.1077
1.1543
0.9529
1.7922
1.6403
1.1373
1.0539
0.9234
2.6586
1.2052
0.9397
1.0540
1.3159
0.9539
0.9074
1.0419
1.0331
1.2757
1.0358
1.1232
1.1868
1.1905
1.1078
1.0274
1.0979
1.0181
1.0099
1.1238
1.0569
1.7234
1.1377
1.1695
1.3367
0.9820
1.1279
1.0086
1.0869
0.9142
1.3307
1.0896
1.2171
1.8458
1.0784
1.0175
1.1112
1.0941
1.2709
1.0270
0.9030
1.0263
0.9429
0.9443
0.9548
1.1022
0.9389
0.9061
0.9973
0.9921
1.0428
0.9614
1.0473
1.0721
1.1037
1.1108
0.9865
1.0381
1.0427
0.9955
2.1698
0.9911
2.0204
1.4364
1.0577
1.0368
1.1261
1.1067
1.2395
1.4435
1.0109
1.2983
1.0329
1.1337
1.0626
2.2409
1.3824
0.9725
0.9280
1.2121
1.0360
1.1226
1.7713
1.0526
1.0823
1.1929
1.0456
1.1494
1.0109
1.6165
1.1569
1.0168
1.1895
1.0933
0.9674
0.9719
1.0760
1.4994
2.2545
1.7836
1.0049
0.8877
1.0650
1.1960
1.0289
1.0675
1.5618
1.3527
1.0440
1.0426
1.8375
1.1497
1.0086
1.6241
1.0272
1.0322
1.1864
1.1252
1.2866
1.0047
0.8556
1.5507
1.1621
2.4359
2.3499
1.5439
0.9003
1.2599
1.1198
1.4455
1.2472
1.6863
1.1253
1.3314
1.8514
1.2789
1.0188
0.9840
1.0102
2.0033
1.3884
1.1204
1.2249
1.1477
1.2348
1.2596
1.2961
1.0415
1.3996
1.7058
1.6434
1.7743
1.4070
1.2493
1.6754
1.4973
1.0558
1.8505
1.2085
1.4219
1.1860
1.7032
1.1473
1.0627
0.9189
0.8931
1.5909
1.0354
1.0629
0.9706
1.0216
1.2730
1.0246
0.9435
1.3976
1.0624
0.9005
1.0664
1.3781
1.0563
0.9155
1.8612
1.0315
1.0492
0.9527
1.0881
2.0535
1.0718
1.4452
1.0881
1.0458
1.6949
0.9007
0.8126
1.4814
1.1358
1.1858
1.0410
0.9457
0.9508
1.0424
1.1527
0.9423
0.9758
0.9750
1.0963
1.1268
2.1524
0.9767
1.1414
1.0128
1.0238
1.2037
0.9968
0.8001
1.0306
0.8725
0.8845
1.2025
0.8453
0.9024
1.0075
1.3533
1.0380
0.9346
1.0825
2.0415
1.1203
1.2890
0.9772
1.3110
1.6275
2.4713
1.0873
0.9099
1.0554
1.0006
1.0769
0.9588
1.4314
1.0237
1.4079
0.9766
1.4579
0.8906
1.1282
1.0852
0.9469
0.9465
0.9370
1.0071
1.0229
1.0010
0.8972
0.9425
1.5207
1.1702
1.0178
1.3010
1.0415
0.8850
2.1273
1.5595
0.8227
0.9209
1.0752
1.6191
1.0111
1.4332
1.0762
0.8866
0.9435
1.2100
0.9744
1.0615
0.9858
1.5201
1.1263
0.9578
0.9110
1.2632
1.4293
0.8606
1.1156
1.5094
1.1488
1.1977
0.9370
0.8061
1.0863
1.6467
1.0865
0.9755
0.8452
1.2809
1.0863
1.5516
1.0667
1.0021
1.0504
1.1305
0.9490
1.1297
1.1475
